6133753111471233135 2
5213264 0
5 0
254374 2
3414 -5
54441764 -4
67536 0
4475156257324747725 12
2746131251477722 9
111714453335 0
37 3
344312112473566 14
3457664112631 0
71416766 17
367 2
7237345765715257566243 10
54663215773263473231577 10
411664774222633544 5
674146352544532734 12
225336151461455457417 10
7765775 1
572664734741667645 12
3 0
1374775174 -4
34443247623451266 -12
247 4
36255113177715 14
676526765414622361712 11
1316 0
2132325231512512635 -10
5473 0
51525 -3
6461227371712616 13
25314573574 0
34725673611476 14
632763271643265255115 11
165617656443257 3
1213113221665556365273 10
24452 18
5754327141 12
75465521 3
73266 3
73177236365611 -3
7 2
3723376655273 15
3721135521622 12
31561412365311756152 -3
253252 -2
73172226672 10
44113 0
2317122 -2
1725665163177121 10
572226 4
4522357333756 15
7333152375711544 13
62315526 17
746 5
1764544424 -4
4461 18
662763415346227525566 10
217323 2
36343 -3
426141662 -5
156622751643263272111 11
1352176533346332651 -11
131146157 2
31743312152663325 11
452245 5
355373412 12
26724723711232614 -8
67435226145477571147662 10
554332465357472 -5
6627357126614612324 -11
45764717551542177135 11
4 -1
437 -1
11326751547 3
12744173617 16
6244671611675 0
545723414 -13
2154367572641 15
6231232 -2
32311255 5
25515247413 0
2522754271515 4
5717325322667371 13
474 -4
31272251326463571 -9
145323 1
347577221671 0
577 0
57367 0
773323 17
3634416776 9
614366377 2
231376 -3
2254662773 -1
37476631411412737 -11
5527361676 16
71347274622651676137443 10
737721443452 15
5771 2
253141747 11
57162146 17
462143712753675 0
72744366537735 -14
5434264664 -3
144 2
5751556365 12
52164456753437636 9
717267 4
1422 -3
223353644337427111 -12
7617331146364 15
426571653151176322 12
43 2
225336555341 14
135253546547 12
423 2
56355515347667777222566 10
26117622643 5
5772 0
1316233577617 15
62 2
552627712264 2
426 -2
232634 4
24521464 -6
34112 4
226444516472755 9
53251176123236734127526457573 7
154527717364517247213554 9
743626541136655 14
174 -2
67654 -2
41611513676632427336 11
33444546 7
775764435 -4
527621342653326726217357143 -7
156 2
4222122 2
17267634337 16
6723221543 0
371521243132 15
12425145 16
4523563552 15
6166755 3
737412275713 4
142454623 17
2112 0
14335672473351 11
27747434 -11
75344546215 -12
65 -1
1737177123 16
11427672662 3
533677613616331 2
6436566 4
171474713366171143 -3
716311351636534 -2
372576 2
266744641 3
17657566 -2
47226424741253 -13
552655133417311 -2
53 0
721164664533633 -12
144353765262 15
626 -2
234727434611576454 9
1 2
3236255532 16
72435432357346 8
176227663345612675433 10
577775576333731463 -2
7253643312343253147627 -10
5336241436 2
663444 0
2616557662644267 -2
5431564173 12
316462 4
7473732613625642656 12
4415255113 -3
32415421714633733 13
6337 3
265111731774212662 2
17627657542135663724121132265 7
534557766423153 14
6466236477734 7
53267422644 0
167233 -3
2633233667552 -14
6576413231317542 13
71677715326334 2
33161531711377776551 4
5515276 3
7664223326543 15
4766153243437 -4
764176157643 15
66 0
266146715353453 -4
164 2
6755435432521 -1
177452216515 -4
515264157617 1
324212266 3
77622166272141 14
654723371155431177 12
21153663266566547575142371 8
42655554446631317 -4
24 0
55426 -18
2414634212274374671273 10
2735725772536421 10
117531314544 15
3663515133636156236 12
4566125277 -1
1766426121 5
141352447544 14
6741564254 16
4473513 -2
3234246 5
43247145736141145 13
22636 3
725774 -2
2224622353434416761 12
764632551625633 14
4456726324 3
476315333665227571 -10
75 -1
34746145625626346614141 -8
74673773652455732236 11
74646 6
3674554 5
72474426373 4
343424176163361772621 11
213334323416661 -10
77161 3
74224 2
45133 -1
77 1
4255247 3
4656221417264241 13
73225415141167253543 -11
5712177372644453 -4
65463371111466775712752517365642 5
7133673146141661 13
57117575224122532346331651456 7
461346326212 3
46172664734 10
747 5
724341354445456 14
5312 3
4442341325564113363364 6
547333176515212217721564564214 -6
234754 1
116713247 4
24674136415723131567317764342226 5
3437 3
412562273754 0
777135146413477565 -12
2441432425536576727511426 2
7453472143576166427675 10
6626212 0
673612357311331431 6
34 0
133653473611155217 11
264163551 2
73131652511726166365546442744 7
122735 2
765133654773671 -11
574376236347347 0
2135231551 3
5141251 -2
652433564 2
357431456762243322 12
1123232617641 15
32275 0
376156715 -4
62414321753426 14
243 4
54311145434653235717772135 8
33456414 17
263437135164335342 3
12736111 2
43715655273476613234626 -9
41341575 -6
4464171352621 5
71534647255616 3
513156 11
4667 3
771215452774566774236 8
34341513674174267 3
6217243121543334564 1
62577253724435 -12
6675 -1
653525 -3
1314557354743 15
134727245612331532 12
16612264124 15
15422 -2
2371 1
73714232722 -8
1724 0
433741262632 15
453631253 -4
2641775147146255421 12
714731561743 15
6553176 -3
5411262327 16
761537474 -10
3537333612357615 -13
747652123277446336 12
46125 3
473126 18
23762615 -5
2722721115 1
272346244357155 14
6311631575 -3
73172127 3
63 2
32575377453316 1
1457462641 6
5162444 -17
467 2
476456546653371224 12
7165551141225 0
72762133 0
175541367552 -2
6153232 0
573 0
27366 -2
2617 3
7522523553 1
3141437147 16
15243525471 16
744716277 -2
6323 -2
3471 0
762653537 3
43261 3
43243 5
1453156233337211717137446565 7
17513324274372426 5
7346346457464661 3
7146567722615 -14
45177156 12
7275 0
7621621424341346 -3
2541 3
777762723514347256 -2
1613 0
21316 0
655755 4
4567443525215 5
4232131535 -2
534552211563524 14
462115154165 -2
423676 -2
6517 1
54667237746167 -4
343262 2
4247344532235342 8
6213522533763237715463 2
51643 2
762627152766337 -13
47421555 5
765215644322734 3
2234336512136467714 12
57624664411365 -14
267716744661414531 12
73746467145512443 12
5621665145 16
654 3
364544653261122 13
61 3
5127257552 12
627546147221133241266744 9
177421667764 3
6373255722166474146261272 9
4176222 0
56474352 16
643736254612 2
36314166637654122342171 2
215642522647 15
4566145565126261552621 3
335444715516 -2
43762454 -6
67321231477222 14
6 1
7242 2
36476535536474715 13
35516454 4
57327236745653131665 11
7253347 18
672627435 11
113462757 4
667174534627526 3
613465571656715 -13
7335654142 5
132 3
752345116656432516 -2
15 1
1541475257677527352351 9
46 2
43633622752563413553 5
65326616114765 0
62675736644421436 5
644415712772456115 -1
3776454115356631 13
665 2
674 2
73111266621 11
741 4
757 3
62312473677 -1
2367562277214125 0
54262741 5
1777733634227621642 12
17744 2
543374365247 13
764133756266567 -13
572212 1
111415 -5
31211213662 3
475 -2
345746232644226213357 11
65576672257353753 13
7126 0
6324521 5
5612221773 0
562554425411 -2
1357347 0
463645 12
23 -1
551 3
54157522345172 -13
35363 -4
2435 0
665237 18
7413221562 -3
37273457265442 3
74776164671336651443251 10
7564215142115275177574762626 -5
3754 0
271351417711463 -10
75545222111737747 11
231552426 6
26244773 6
442551324174527 14
13613342 3
44532212375165153313572657 -7
545736131131716565 12
2711244726 16
424423 -2
5717737 3
33511572543 14
227436713212433 14
435465111733144512 12
65167244676 16
2463116277112 -2
47376316324 -12
76464232675467416 -11
52662456744661225 13
41755664755464 14
756271 1
63254155 5
67161326552737754716 11
2271723 4
2646655 -4
563 0
24577552177172 -2
4512423164676626436533132124527 6
632776 -2
7713 2
5777355433526335 2
5412721574771443657172 -10
6426346447 -4
414721642363723327164 11
175372766671412 -2
162466145341533 -1
71256374612572623752 11
672 2
7771165 3
2165335565 -3
526 0
1523534263227627351767136 9
73166 3
3766263112361 15
1132 0
431 3
54 0
262 -2
75446777636755155 13
37467 0
61172 2
645 4
563273657722133764745275536 8
5416676657224432126323 -10
35745523412655163341257 1
623713244441451 2
341175251375132471 12
3771664633713 -1
3525276511121332672652676651 7
5324126137 2
24612314176577 2
5225365317255666546327 10
3467714211222754772147 10
1635645 18
357353427274465 -12
45455634134 0
1773657 2
447626633623513523 12
32764652472472 -2
76347221 3
7535724 9
245572572 6
264125664 -4
4453763133 4
717674634764 -15
6453536312643 -14
21521725255122767 -7
61655 2
65321332523415232521 4
44672167752757663 13
253377215715363537 12
3616265174537711627 12
56524315314151 14
372533717521654241726 11
254223521727565 -6
245441711735432372 -11
17154 -2
45252235772 16
122361223315623 14
212633441517777141763751 9
1366342 3
46144152767726147 13
255577164242 15
2253 0
2147717357763 -3
1613446 3
57655144 17
454552322641355 -13
35256 3
21433115257723 14
4763137672265 13
356142265734727313 -11
237346653152543525537 11
5537667652 16
777717255 -3
2131 0
3156554212436615 11
543173736 6
231321514747661346336 -10
64747235416273326 13
45234531341317 14
44464714777133 14
435316767262 -10
7351756 11
27517444614636257432 9
57 2
75172331126366211363 -3
3467343122 16
473 -3
362 0
17 2
15565 18
16654616757516 14
12326441 4
77317633547 2
2325 4
272362466124253 12
21246353 3
3171 2
71566316 0
76155476317127 3
3414323562772 -2
54452 0
73516755112123345333 -2
67131 2
626746774356624 -13
56767644473 16
711 2
64155 3
5522547513242136775667 1
526455735475 -6
26122775514761237 -12
2544 2
6421754537774 1
47362125322 -3
274153 3
3237733347674 -13
177 2
72713151131314 -3
1226434376526333535 -9
6345357 0
245446557775447 12
726245173427622 13
3672122367414214755 2
137224536 5
7646747617536241132164 -7
35 0
2764 2
2372735746 0
23117712344732 7
71653 3
424737 12
45412625 11
5521137572277412115 11
6261 4
6722171524327341 0
27121173152767437461247 10
43713216153242374114 11
276463 4
766332 1
5123326275111 2
335577352446 3
4731662735452266 13
473375 2
364222135242 -9
67 2
66117447141513733527 11
2172217742424434 13
21514322 4
356263222143127437423366 9
7522 -2
434237322322 15
2734421427145142555712 -9
216422645274672627164775 9
1267277442676314 13
2 1
24146343545575 -4
435321561121265367 12
472277663115512 -2
122326 3
465562761632515566 9
155 2
114132 2
126 2
44552173532471432 13
433512 4
731115 -4
331 4
256221731376556254514 0
25445564 -5
374437127211435667146 -2
23165416772637 14
424 0
1652 -2
476446 6
71636176431146 14
313 0
717374 18
655556371244374327 12
137 4
6325241433155113577614 -10
653 2
375 0
632617317642326453732614 -3
12163 3
11435233 5
35711336575421664 -4
643766635215466 5
61132332541 2
4461435 -4
725 2
1347632357 -4
46552 2
13225114 1
7541745 3
57354177 17
13362243462 2
41137576 3
1662164672172737534 12
36 0
546 4
534667163221667 0
46326564577715132565 11
41631 -2
72343775 4
66243735631342773421265 9
44756 5
16352551 17
6624744714224312215742 -8
2261541 5
31471 -2
76353 -3
7617637243647 4
167 2
2743241676 -3
754257763521441763265654152 8
36725353223171 2
5362 2
7211276661563447537126131 3
4441656116461335342 12
15276 -1
64316543262434122621 -2
54111441566526 -3
631253166746437 14
36146433 2
457644314133571 -6
16232 3
57715 0
1643 0
13617456457726464 13
2572 -2
7456 -1
57437462135 12
314 -2
6231 3
43221554361613 14
42237346136727 2
171 2
161135361376 1
52553156614467473433 5
3666362554 16
655415 -3
351 1
21346121734 16
7557 3
5677211 -1
511455626552 -5
4177322412477576 2
232532561244155732 12
74 -2
23721571456 10
6661576155252 2
35733246722563 -14
5345132 6
73167 3
631 2
4147113 -10
7231513 -2
41376222655661 13
17221 2
7441675 0
661313714216126554262 2
5436443661265 0
67751246 2
5165645763761431632 0
23164212 -2
343 0
37524121166772466526 11
14 -2
544 0
513163227 4
57214713744376647321422 10
2633727 3
5475356735716243214722 -10
654332572 -5
5567 0
77244 0
7216 -2
753241557544 -1
73612 -1
51132556265 5
6413147652341 15
4277224563 6
6146177347 0
46364751 17
355555472167 12
74426662474 -4
122735361 17
57345 0
1763416526375724115 12
22454 1
466 -2
4222734624726463432 12
1136734 2
6666721474116313265 12
344 0
5671256343116243727557623347 7
437453724634 -2
346 3
226524735 0
333 1
642 5
2147 4
34727 3
11523 2
22151561465 -2
775634143563746116327 11
7533134741536245 13
627555572376536 14
72344655116136262316 -10
366442571 -4
54541 5
3553236127 3
13447266113517725555451 7
121252213 0
65656354 17
11416325231 4
6511247736212661337 12
317 2
6122424465276671473 1
37161453725442574131 11
4477172422 16
6114477 0
5435734175212655215 12
6536156 3
2527571261335532171 12
56332533 17
62443344711 -3
2756675677252 -9
226617335421431667461 -3
742464473 6
73424 0
475276257544312556 -12
6155411 -17
15421561122632756227 11
71314116253777741126 11
5446663652733642 13
7345434 -4
234267767 3
35247462744122377 13
1161215635556472 -12
52423526454254653 13
45517567123617222355377316 8
7774523274425425 -4
715764361114 -4
237133422 2
33545776411226225732 11
262521155 4
7217353777516526231 -10
4114541747 15
34744326342 5
35334746541512 14
753257546413477 -2
7276217133415552631243 10
56657621351517 14
76113157127321635564555377 -5
364172 3
27252 -3
72416 -3
512245676676416123 9
667235263537144 -13
41624414163747 14
16635 3
21761654156 4
72763452 -2
3523163124361 15
734725623675 -2
346251223622732 2
214 2
1274667533 -2
6722777452 0
742 4
622366 2
7452345563466161141311 10
4565427512221356333313 10
777667425521732 -4
2366572323465212 -11
733 2
515366747125346 14
5372413615653441 2
361457 1
36421222715147345662 11
763 2
635336556171767 -13
6762343 0
71277441654712156175174 10
426333356155723424 -12
4665522453754 -12
1375466163657437261 12
155635117322 15
773761146 5
5315 -2
1425776455147633 -11
372145561 -2
73633475355316 -14
756653221462574 1
12144757124125553172617523 8
46126553241 4
32155672613 -1
2513616 2
117716546541 4
45472743156553633272 11
467727617 -4
6242342 3
5712 0
45322215347121417 13
257263773325 -2
2156464754 16
216 2
3637 4
34662 5
37614472227725371 2
36143643532 14
121426163133712313277 11
1621 3
171265 0
24561353624112153746 11
7416241772276224375 12
247244453 2
133234516674 3
41472253642574153234272 10
3624426 2
7635554164662212277 2
645145177256654624125641 9
422452636655 15
62146613564 -6
7461 0
563253447763145 14
1137533774427162462 -10
176432674732662234 12
26467554511477242773623552371 7
3366675 0
6643523 -3
7527665513366 0
76667 3
622723772 -3
53446164141612634 -12
4253526551 16
65546221 5
212721474475424 0
21347561 3
112237211 0
1137131226133774373 12
371 1
4562 2
1317223362745 4
47216477541655 14
367154647541 13
46656562725753217 -11
167526 2
335 3
176331372344 4
4646375372342361241137 10
126651235 -10
26 2
61455312166371257377 -9
1563465451 11
6152524 -17
3375 -2
67113477635372422 2
14622127216674333257445373 8
6112556237732 3
12152746536564111337745 10
12275225654664 14
422447 4
1211134361 2
531 3
177151131423241326 12
415116472124 15
1573 -4
442146751375372643456 11
7661646 -2
23323435 17
2771772445236273452655 10
27451173 3
23624432454173 8
32176735626 -3
661423352 -12
2671211 0
5274574376175175 12
2372671244411 15
537334122521251111 12
37414441757361 0
31522353 3
44175773 -2
125355 3
5563733 0
24253 0
175522643356415 -3
371164 2
544577361345 0
17137736475373235 13
374475311567666 13
325276775373666614352513612552 6
4362626546475 -14
754 3
52 0
27655144241 9
543363574 4
3461173161 7
5551 4
652347756454 -2
5325434 4
5642227522235354654 -2
7152772171527236 1
42411345 17
3455611 5
4563757746 3
3761411512 8
6326734533 0
337446227541735355442 11
7547215543 14
6574411277163465143471413 -8
47617 -2
645471 -5
2634217325 16
3125437416473341524217 10
566333456314466371 -12
4315 1
4532227663762554417774 1
34154527237753745 13
4317523 0
2422 0
5377245572 -1
2753345 -4
